CV fold	random_seed	n_estimator	max_features	max_depth	criterion	Accuracy
0	0	26	log2	2	gini	0.7810650887573964
0	1	6	log2	4	gini	0.7928994082840237
0	2	20	log2	2	gini	0.7751479289940828
0	3	5	log2	2	gini	0.7810650887573964
0	4	6	log2	2	entropy	0.8165680473372781
0	5	13	sqrt	2	gini	0.7928994082840237
0	6	6	sqrt	3	entropy	0.8047337278106509
0	7	6	sqrt	4	entropy	0.7928994082840237
0	8	8	sqrt	3	gini	0.7751479289940828
0	9	12	log2	2	gini	0.7810650887573964
0	10	27	sqrt	3	entropy	0.7810650887573964
0	11	14	sqrt	3	entropy	0.7928994082840237
0	12	6	log2	3	gini	0.8106508875739645
0	13	7	log2	4	gini	0.7988165680473372
0	14	15	sqrt	4	entropy	0.7751479289940828
0	15	22	sqrt	3	entropy	0.7810650887573964
0	16	14	sqrt	2	entropy	0.7869822485207101
0	17	11	log2	4	gini	0.7810650887573964
0	18	10	sqrt	2	gini	0.8047337278106509
0	19	12	log2	2	entropy	0.7810650887573964
0	20	8	sqrt	3	entropy	0.7869822485207101
0	21	17	log2	2	entropy	0.7810650887573964
0	22	6	sqrt	3	entropy	0.7988165680473372
0	23	26	log2	2	entropy	0.7928994082840237
0	24	5	sqrt	2	gini	0.7988165680473372
0	25	28	log2	3	entropy	0.7869822485207101
0	26	5	log2	3	entropy	0.8106508875739645
0	27	15	sqrt	3	gini	0.7869822485207101
0	28	20	sqrt	2	gini	0.7928994082840237
0	29	16	sqrt	2	gini	0.7928994082840237
0	30	25	log2	2	entropy	0.7692307692307693
0	31	26	sqrt	2	gini	0.8047337278106509
0	32	6	sqrt	2	entropy	0.8047337278106509
0	33	9	sqrt	3	gini	0.7751479289940828
0	34	19	sqrt	2	gini	0.7810650887573964
0	35	10	log2	2	gini	0.7751479289940828
0	36	6	log2	3	gini	0.7988165680473372
0	37	7	sqrt	3	gini	0.7810650887573964
0	38	25	sqrt	4	entropy	0.7988165680473372
0	39	6	sqrt	4	entropy	0.7928994082840237
0	40	20	log2	2	entropy	0.7810650887573964
0	41	13	sqrt	2	gini	0.7928994082840237
0	42	10	log2	2	gini	0.8047337278106509
0	43	13	sqrt	4	entropy	0.8047337278106509
0	44	19	sqrt	2	entropy	0.7692307692307693
0	45	6	sqrt	2	entropy	0.7928994082840237
0	46	6	log2	4	gini	0.7810650887573964
0	47	29	log2	3	entropy	0.7869822485207101
0	48	5	log2	2	entropy	0.7928994082840237
0	49	6	log2	2	entropy	0.8106508875739645
0	50	22	log2	4	gini	0.7810650887573964
0	51	18	log2	2	entropy	0.8106508875739645
0	52	6	sqrt	2	gini	0.7869822485207101
0	53	10	sqrt	3	gini	0.7869822485207101
0	54	18	sqrt	3	entropy	0.7810650887573964
0	55	15	log2	4	entropy	0.7692307692307693
0	56	7	sqrt	4	gini	0.7928994082840237
0	57	25	log2	3	entropy	0.7810650887573964
0	58	9	sqrt	3	gini	0.7928994082840237
0	59	7	sqrt	2	gini	0.7928994082840237
0	60	5	log2	2	gini	0.7751479289940828
0	61	5	sqrt	2	entropy	0.7810650887573964
0	62	14	log2	4	entropy	0.7928994082840237
0	63	21	log2	2	gini	0.7692307692307693
0	64	28	log2	4	entropy	0.7869822485207101
0	65	10	sqrt	4	gini	0.7810650887573964
0	66	5	sqrt	4	gini	0.8047337278106509
0	67	13	sqrt	3	gini	0.7751479289940828
0	68	27	sqrt	4	gini	0.7751479289940828
0	69	13	sqrt	2	gini	0.7988165680473372
0	70	22	sqrt	3	gini	0.7692307692307693
0	71	20	log2	4	entropy	0.7988165680473372
0	72	8	sqrt	4	entropy	0.8047337278106509
0	73	18	sqrt	3	entropy	0.7869822485207101
0	74	5	sqrt	3	gini	0.7810650887573964
0	75	6	log2	3	entropy	0.7751479289940828
0	76	9	log2	3	entropy	0.7928994082840237
0	77	5	log2	2	gini	0.8047337278106509
0	78	11	sqrt	2	gini	0.7810650887573964
0	79	24	log2	2	entropy	0.7928994082840237
0	80	12	sqrt	4	gini	0.7810650887573964
0	81	18	log2	2	entropy	0.7928994082840237
0	82	5	log2	3	entropy	0.8106508875739645
0	83	5	sqrt	2	entropy	0.8047337278106509
0	84	6	log2	2	entropy	0.8047337278106509
0	85	5	log2	4	entropy	0.8047337278106509
0	86	10	sqrt	2	gini	0.7751479289940828
0	87	6	log2	3	gini	0.7928994082840237
0	88	6	sqrt	4	entropy	0.7928994082840237
0	89	8	log2	3	entropy	0.7810650887573964
0	90	9	sqrt	2	entropy	0.7928994082840237
0	91	29	log2	3	gini	0.7692307692307693
0	92	11	sqrt	3	gini	0.8106508875739645
0	93	11	sqrt	4	gini	0.7988165680473372
0	94	25	sqrt	2	entropy	0.7869822485207101
0	95	25	sqrt	2	entropy	0.7751479289940828
0	96	5	sqrt	3	entropy	0.7988165680473372
0	97	19	sqrt	4	gini	0.8047337278106509
0	98	6	sqrt	2	entropy	0.7988165680473372
0	99	28	sqrt	2	entropy	0.7810650887573964
0	100	9	log2	4	gini	0.7751479289940828
0	101	5	log2	3	entropy	0.8106508875739645
0	102	29	log2	3	gini	0.7810650887573964
0	103	6	sqrt	2	entropy	0.8165680473372781
0	104	11	log2	3	gini	0.7869822485207101
0	105	5	sqrt	2	entropy	0.7988165680473372
0	106	14	sqrt	2	gini	0.7928994082840237
0	107	8	sqrt	2	gini	0.8047337278106509
0	108	7	log2	2	entropy	0.7751479289940828
0	109	12	sqrt	3	entropy	0.7751479289940828
0	110	26	sqrt	2	entropy	0.7810650887573964
0	111	8	sqrt	3	entropy	0.7810650887573964
0	112	7	sqrt	2	entropy	0.7751479289940828
0	113	21	log2	4	entropy	0.7988165680473372
0	114	11	log2	2	gini	0.8106508875739645
0	115	15	sqrt	2	entropy	0.7810650887573964
0	116	7	sqrt	2	entropy	0.7988165680473372
0	117	11	log2	3	gini	0.7928994082840237
0	118	30	sqrt	2	entropy	0.7928994082840237
0	119	12	sqrt	2	gini	0.7751479289940828
0	120	24	log2	4	entropy	0.7810650887573964
0	121	13	log2	2	entropy	0.7810650887573964
0	122	18	log2	4	entropy	0.8047337278106509
0	123	29	sqrt	3	entropy	0.7810650887573964
0	124	8	log2	2	entropy	0.7928994082840237
0	125	8	log2	4	gini	0.7692307692307693
0	126	8	sqrt	2	gini	0.7810650887573964
0	127	10	sqrt	4	entropy	0.7810650887573964
0	128	22	sqrt	4	entropy	0.7869822485207101
0	129	8	sqrt	2	entropy	0.7810650887573964
0	130	5	sqrt	3	gini	0.7928994082840237
0	131	8	sqrt	3	entropy	0.7692307692307693
0	132	5	log2	4	gini	0.7869822485207101
0	133	14	sqrt	4	entropy	0.7751479289940828
0	134	13	sqrt	4	entropy	0.8047337278106509
0	135	6	log2	2	gini	0.7928994082840237
0	136	21	log2	2	gini	0.7810650887573964
0	137	7	log2	3	gini	0.8165680473372781
0	138	16	sqrt	4	entropy	0.7928994082840237
0	139	28	log2	4	entropy	0.7988165680473372
0	140	12	sqrt	2	entropy	0.7988165680473372
0	141	10	log2	3	gini	0.7869822485207101
0	142	23	sqrt	3	gini	0.7692307692307693
0	143	11	log2	2	gini	0.7751479289940828
0	144	14	sqrt	2	gini	0.7928994082840237
0	145	8	sqrt	2	gini	0.7810650887573964
0	146	19	log2	2	entropy	0.8047337278106509
0	147	6	log2	4	gini	0.7692307692307693
0	148	20	sqrt	3	entropy	0.7810650887573964
0	149	15	sqrt	3	gini	0.7751479289940828
0	150	8	sqrt	3	entropy	0.7751479289940828
0	151	18	log2	2	gini	0.7869822485207101
0	152	7	log2	3	gini	0.7869822485207101
0	153	6	log2	2	gini	0.7928994082840237
0	154	5	log2	2	gini	0.7869822485207101
0	155	13	sqrt	2	entropy	0.7988165680473372
0	156	7	sqrt	2	entropy	0.7869822485207101
0	157	11	log2	3	entropy	0.7869822485207101
0	158	27	log2	3	entropy	0.7869822485207101
0	159	9	sqrt	2	gini	0.7928994082840237
0	160	20	sqrt	3	gini	0.7869822485207101
0	161	7	sqrt	4	gini	0.7692307692307693
0	162	8	sqrt	3	entropy	0.8106508875739645
0	163	14	sqrt	2	entropy	0.7869822485207101
0	164	16	log2	3	entropy	0.7751479289940828
0	165	6	sqrt	2	gini	0.7751479289940828
0	166	9	log2	2	entropy	0.7810650887573964
0	167	9	sqrt	4	gini	0.7751479289940828
0	168	19	sqrt	2	gini	0.7869822485207101
0	169	7	log2	2	gini	0.7869822485207101
0	170	12	sqrt	2	entropy	0.7692307692307693
0	171	8	log2	3	entropy	0.7751479289940828
0	172	9	log2	3	gini	0.7869822485207101
0	173	18	log2	3	entropy	0.7869822485207101
0	174	10	log2	4	gini	0.7869822485207101
0	175	5	log2	4	entropy	0.7751479289940828
0	176	27	sqrt	2	gini	0.7869822485207101
0	177	12	sqrt	2	gini	0.7692307692307693
0	178	15	log2	2	entropy	0.7928994082840237
0	179	8	log2	2	gini	0.7810650887573964
0	180	16	sqrt	3	entropy	0.7869822485207101
0	181	20	sqrt	2	entropy	0.7928994082840237
0	182	15	log2	3	entropy	0.7988165680473372
0	183	13	sqrt	2	entropy	0.7810650887573964
0	184	9	log2	3	gini	0.7869822485207101
0	185	17	sqrt	2	gini	0.7928994082840237
0	186	17	sqrt	4	entropy	0.7751479289940828
0	187	12	log2	3	entropy	0.7928994082840237
0	188	23	log2	2	entropy	0.7810650887573964
0	189	6	log2	2	gini	0.7810650887573964
0	190	11	sqrt	2	gini	0.7988165680473372
0	191	6	log2	3	entropy	0.8165680473372781
0	192	12	sqrt	2	gini	0.7751479289940828
0	193	10	sqrt	3	gini	0.7988165680473372
0	194	5	log2	2	gini	0.7692307692307693
0	195	29	sqrt	3	entropy	0.7692307692307693
0	196	9	sqrt	3	entropy	0.7869822485207101
0	197	14	sqrt	3	entropy	0.7810650887573964
0	198	13	sqrt	2	entropy	0.7869822485207101
0	199	13	sqrt	2	entropy	0.8047337278106509
0	200	17	sqrt	3	gini	0.7751479289940828
0	201	15	sqrt	2	gini	0.7810650887573964
0	202	5	sqrt	2	entropy	0.7928994082840237
0	203	5	sqrt	4	entropy	0.7928994082840237
0	204	8	log2	3	gini	0.7988165680473372
0	205	5	sqrt	2	entropy	0.7869822485207101
0	206	6	sqrt	4	gini	0.8224852071005917
0	207	16	log2	2	entropy	0.7988165680473372
0	208	5	sqrt	2	entropy	0.7692307692307693
0	209	25	log2	3	gini	0.7928994082840237
0	210	25	sqrt	2	gini	0.7692307692307693
0	211	5	sqrt	3	entropy	0.8106508875739645
0	212	12	log2	4	gini	0.7692307692307693
0	213	10	sqrt	2	gini	0.7869822485207101
0	214	12	log2	3	gini	0.7692307692307693
0	215	16	sqrt	2	gini	0.8165680473372781
0	216	7	sqrt	2	gini	0.7810650887573964
0	217	6	log2	3	gini	0.8106508875739645
0	218	6	log2	3	gini	0.7869822485207101
0	219	17	sqrt	3	entropy	0.7751479289940828
0	220	26	log2	2	gini	0.7869822485207101
0	221	11	log2	2	entropy	0.7810650887573964
0	222	13	sqrt	2	gini	0.8047337278106509
0	223	6	sqrt	2	entropy	0.7928994082840237
0	224	7	sqrt	2	gini	0.8106508875739645
0	225	28	log2	2	gini	0.7751479289940828
0	226	29	sqrt	4	gini	0.7869822485207101
0	227	21	sqrt	2	entropy	0.7810650887573964
0	228	12	log2	2	gini	0.8047337278106509
0	229	7	sqrt	2	gini	0.7810650887573964
0	230	29	sqrt	3	entropy	0.7810650887573964
0	231	9	log2	2	gini	0.7810650887573964
0	232	12	log2	2	gini	0.8047337278106509
0	233	24	sqrt	3	entropy	0.7988165680473372
0	234	8	log2	4	entropy	0.7928994082840237
0	235	26	sqrt	2	gini	0.7692307692307693
0	236	26	sqrt	2	gini	0.7869822485207101
0	237	28	sqrt	2	entropy	0.7751479289940828
0	238	25	log2	3	entropy	0.7869822485207101
0	239	16	log2	4	entropy	0.7869822485207101
0	240	14	sqrt	4	gini	0.7751479289940828
0	241	13	log2	2	gini	0.7928994082840237
0	242	9	log2	3	gini	0.7692307692307693
0	243	7	log2	2	gini	0.7928994082840237
0	244	10	sqrt	3	entropy	0.7692307692307693
0	245	5	sqrt	2	gini	0.7869822485207101
0	246	6	log2	2	entropy	0.7928994082840237
0	247	5	sqrt	2	gini	0.8047337278106509
0	248	10	log2	2	entropy	0.7928994082840237
0	249	7	log2	4	entropy	0.7692307692307693
0	250	24	sqrt	2	entropy	0.7810650887573964
0	251	20	sqrt	2	entropy	0.8165680473372781
0	252	5	log2	2	gini	0.7869822485207101
0	253	29	sqrt	2	gini	0.7928994082840237
0	254	11	sqrt	4	gini	0.7692307692307693
0	255	13	log2	3	entropy	0.7751479289940828
0	256	7	sqrt	3	entropy	0.7751479289940828
0	257	14	log2	2	gini	0.7692307692307693
0	258	5	log2	2	entropy	0.8047337278106509
0	259	23	sqrt	2	entropy	0.7869822485207101
0	260	8	sqrt	2	entropy	0.7810650887573964
0	261	5	sqrt	2	entropy	0.7928994082840237
0	262	6	sqrt	2	gini	0.7869822485207101
0	263	5	sqrt	2	gini	0.7988165680473372
0	264	13	sqrt	2	gini	0.7692307692307693
0	265	6	log2	2	gini	0.7692307692307693
0	266	15	log2	2	gini	0.7988165680473372
0	267	23	log2	2	entropy	0.7692307692307693
0	268	28	sqrt	2	gini	0.8047337278106509
0	269	17	log2	4	entropy	0.7810650887573964
0	270	13	sqrt	3	gini	0.8047337278106509
0	271	14	log2	3	gini	0.8047337278106509
0	272	6	log2	3	entropy	0.7928994082840237
0	273	13	log2	3	entropy	0.7928994082840237
0	274	28	sqrt	2	entropy	0.7810650887573964
0	275	10	log2	3	entropy	0.8047337278106509
0	276	10	sqrt	2	entropy	0.7928994082840237
0	277	5	sqrt	3	gini	0.7751479289940828
0	278	28	log2	2	entropy	0.7869822485207101
0	279	11	sqrt	2	gini	0.7928994082840237
0	280	29	log2	3	entropy	0.7810650887573964
0	281	16	log2	3	entropy	0.7869822485207101
0	282	5	sqrt	3	entropy	0.7928994082840237
0	283	12	sqrt	2	entropy	0.7692307692307693
0	284	17	sqrt	3	gini	0.7988165680473372
0	285	14	sqrt	4	gini	0.7810650887573964
0	286	6	log2	3	entropy	0.7869822485207101
0	287	25	sqrt	2	gini	0.8047337278106509
0	288	14	sqrt	3	gini	0.7928994082840237
0	289	21	log2	2	entropy	0.7928994082840237
0	290	11	sqrt	2	gini	0.7810650887573964
0	291	5	sqrt	3	gini	0.7810650887573964
0	292	8	log2	3	gini	0.8047337278106509
0	293	10	log2	2	entropy	0.8106508875739645
0	294	29	log2	3	entropy	0.7751479289940828
0	295	7	log2	2	gini	0.7988165680473372
0	296	20	sqrt	3	gini	0.7810650887573964
0	297	22	log2	3	gini	0.7869822485207101
0	298	12	sqrt	2	entropy	0.7810650887573964
0	299	13	sqrt	3	gini	0.7810650887573964
0	300	21	sqrt	2	gini	0.7869822485207101
0	301	16	log2	2	entropy	0.7869822485207101
0	302	28	sqrt	2	gini	0.7869822485207101
0	303	7	log2	3	gini	0.7988165680473372
0	304	10	sqrt	2	gini	0.7928994082840237
0	305	24	sqrt	2	gini	0.7810650887573964
0	306	20	log2	4	gini	0.7988165680473372
0	307	5	log2	2	gini	0.7751479289940828
0	308	16	sqrt	2	entropy	0.7988165680473372
0	309	13	sqrt	4	gini	0.7869822485207101
0	310	16	log2	3	gini	0.7751479289940828
0	311	7	log2	4	gini	0.8106508875739645
0	312	10	log2	2	gini	0.7869822485207101
0	313	13	log2	4	gini	0.7928994082840237
0	314	11	log2	2	gini	0.7810650887573964
0	315	30	sqrt	4	entropy	0.7692307692307693
0	316	30	log2	2	entropy	0.7988165680473372
0	317	9	log2	2	entropy	0.7988165680473372
0	318	14	log2	2	entropy	0.7692307692307693
0	319	11	sqrt	2	gini	0.8165680473372781
1	0	30	sqrt	4	gini	0.788235294117647
1	1	9	log2	4	gini	0.8176470588235294
1	2	5	sqrt	3	entropy	0.7823529411764706
1	3	28	sqrt	4	entropy	0.788235294117647
1	4	27	sqrt	2	entropy	0.8
1	5	7	log2	3	entropy	0.8058823529411765
1	6	5	sqrt	3	gini	0.788235294117647
1	7	6	log2	2	gini	0.7764705882352941
1	8	22	sqrt	2	gini	0.7941176470588235
1	9	24	log2	2	gini	0.7941176470588235
1	10	7	log2	2	gini	0.788235294117647
1	11	9	log2	3	entropy	0.788235294117647
1	12	16	sqrt	2	entropy	0.8058823529411765
1	13	12	sqrt	4	entropy	0.8
1	14	5	log2	3	gini	0.8
1	15	19	sqrt	3	gini	0.788235294117647
1	16	5	sqrt	2	entropy	0.8
1	17	26	log2	2	gini	0.788235294117647
1	18	11	sqrt	2	entropy	0.7823529411764706
1	19	30	sqrt	2	gini	0.7823529411764706
1	20	13	sqrt	2	entropy	0.8058823529411765
1	21	11	log2	3	gini	0.8058823529411765
1	22	18	log2	2	gini	0.7941176470588235
1	23	20	log2	2	entropy	0.7823529411764706
1	24	25	log2	2	gini	0.788235294117647
1	25	21	sqrt	2	gini	0.8058823529411765
1	26	13	sqrt	2	gini	0.7764705882352941
1	27	9	log2	3	gini	0.788235294117647
1	28	6	log2	3	entropy	0.788235294117647
1	29	19	sqrt	2	entropy	0.7823529411764706
1	30	12	sqrt	3	entropy	0.7823529411764706
1	31	10	sqrt	3	entropy	0.7941176470588235
1	32	18	sqrt	2	gini	0.788235294117647
1	33	28	log2	4	entropy	0.8
1	34	18	log2	3	gini	0.7823529411764706
1	35	8	sqrt	4	gini	0.788235294117647
1	36	18	log2	2	gini	0.7941176470588235
1	37	28	log2	2	gini	0.7764705882352941
1	38	10	sqrt	4	gini	0.788235294117647
1	39	9	log2	3	gini	0.8
1	40	28	log2	3	entropy	0.8
1	41	6	log2	2	gini	0.788235294117647
1	42	12	log2	2	entropy	0.788235294117647
1	43	7	log2	4	gini	0.788235294117647
1	44	16	sqrt	2	gini	0.8
1	45	11	sqrt	4	entropy	0.7941176470588235
1	46	10	sqrt	2	entropy	0.7941176470588235
1	47	20	sqrt	2	entropy	0.7705882352941177
1	48	25	sqrt	2	gini	0.788235294117647
1	49	6	log2	2	gini	0.7941176470588235
1	50	8	log2	3	gini	0.8
1	51	10	sqrt	2	entropy	0.8
1	52	16	log2	2	gini	0.7941176470588235
1	53	27	sqrt	4	entropy	0.8
1	54	8	sqrt	3	gini	0.7823529411764706
1	55	13	log2	2	gini	0.7823529411764706
1	56	23	log2	4	gini	0.7823529411764706
1	57	18	sqrt	2	gini	0.7823529411764706
1	58	26	log2	2	entropy	0.7941176470588235
1	59	7	log2	2	gini	0.7705882352941177
1	60	6	sqrt	3	entropy	0.7941176470588235
1	61	5	log2	2	gini	0.788235294117647
1	62	17	sqrt	2	gini	0.7941176470588235
1	63	14	log2	2	entropy	0.8
1	64	9	log2	2	gini	0.8
1	65	8	log2	2	gini	0.8
1	66	17	sqrt	2	entropy	0.8
1	67	10	sqrt	4	gini	0.7941176470588235
1	68	25	sqrt	2	gini	0.7823529411764706
1	69	18	sqrt	4	gini	0.7941176470588235
1	70	16	sqrt	2	gini	0.8
1	71	6	log2	3	gini	0.7941176470588235
1	72	15	log2	2	gini	0.8
1	73	18	sqrt	4	entropy	0.7823529411764706
1	74	9	sqrt	2	entropy	0.8
1	75	7	sqrt	4	gini	0.7823529411764706
1	76	7	log2	4	gini	0.7764705882352941
1	77	5	sqrt	2	entropy	0.8
1	78	10	sqrt	2	entropy	0.788235294117647
1	79	21	sqrt	2	entropy	0.8058823529411765
1	80	15	log2	2	entropy	0.7823529411764706
1	81	6	log2	4	entropy	0.7941176470588235
1	82	9	sqrt	2	gini	0.8058823529411765
1	83	27	log2	2	entropy	0.7941176470588235
1	84	27	log2	2	gini	0.8
1	85	5	sqrt	4	gini	0.788235294117647
1	86	20	log2	2	entropy	0.7764705882352941
1	87	25	log2	2	entropy	0.788235294117647
1	88	7	sqrt	2	entropy	0.8058823529411765
1	89	17	sqrt	3	gini	0.788235294117647
1	90	11	sqrt	2	gini	0.7941176470588235
1	91	18	log2	2	gini	0.788235294117647
1	92	5	sqrt	2	gini	0.788235294117647
1	93	16	sqrt	3	entropy	0.7941176470588235
1	94	30	log2	3	gini	0.7764705882352941
1	95	29	log2	2	entropy	0.788235294117647
1	96	19	log2	3	gini	0.8
1	97	9	log2	2	gini	0.788235294117647
1	98	12	log2	4	gini	0.7941176470588235
1	99	26	sqrt	2	entropy	0.8058823529411765
1	100	9	sqrt	3	gini	0.788235294117647
1	101	10	sqrt	2	entropy	0.8058823529411765
1	102	16	log2	2	entropy	0.788235294117647
1	103	5	sqrt	2	entropy	0.7941176470588235
1	104	6	sqrt	2	gini	0.788235294117647
1	105	5	sqrt	3	gini	0.7823529411764706
1	106	30	log2	2	gini	0.7823529411764706
1	107	10	sqrt	2	gini	0.7941176470588235
1	108	8	log2	3	gini	0.7941176470588235
1	109	25	sqrt	2	entropy	0.788235294117647
1	110	13	log2	2	gini	0.8058823529411765
1	111	7	sqrt	2	gini	0.788235294117647
1	112	28	sqrt	2	gini	0.7941176470588235
1	113	30	log2	3	entropy	0.788235294117647
1	114	5	sqrt	2	gini	0.8
1	115	11	log2	3	gini	0.7941176470588235
1	116	14	log2	2	gini	0.788235294117647
1	117	10	log2	3	gini	0.7823529411764706
1	118	17	log2	2	entropy	0.8
1	119	21	sqrt	2	gini	0.7941176470588235
1	120	17	sqrt	2	gini	0.7705882352941177
1	121	9	sqrt	3	gini	0.7941176470588235
1	122	24	sqrt	2	gini	0.788235294117647
1	123	5	sqrt	3	entropy	0.7764705882352941
1	124	9	log2	2	gini	0.7823529411764706
1	125	9	log2	4	gini	0.7941176470588235
1	126	27	log2	2	entropy	0.788235294117647
1	127	14	log2	2	gini	0.8
1	128	12	log2	2	entropy	0.8058823529411765
1	129	8	log2	2	gini	0.8
1	130	20	sqrt	2	gini	0.788235294117647
1	131	15	sqrt	2	gini	0.788235294117647
1	132	30	sqrt	2	gini	0.788235294117647
1	133	8	log2	2	gini	0.7941176470588235
1	134	15	log2	2	entropy	0.788235294117647
1	135	12	log2	3	entropy	0.8176470588235294
1	136	6	log2	4	entropy	0.8058823529411765
1	137	5	log2	2	gini	0.8058823529411765
1	138	17	log2	2	entropy	0.7823529411764706
1	139	29	log2	2	gini	0.7941176470588235
1	140	19	sqrt	2	gini	0.7764705882352941
1	141	13	log2	2	entropy	0.7823529411764706
1	142	14	log2	2	entropy	0.788235294117647
1	143	5	log2	4	gini	0.7823529411764706
1	144	14	log2	2	entropy	0.7941176470588235
1	145	11	log2	2	gini	0.8058823529411765
1	146	8	sqrt	4	entropy	0.8
1	147	12	log2	3	gini	0.788235294117647
1	148	21	log2	4	gini	0.7941176470588235
1	149	7	log2	3	gini	0.788235294117647
1	150	5	sqrt	2	entropy	0.7941176470588235
1	151	15	sqrt	2	gini	0.7941176470588235
1	152	10	sqrt	3	gini	0.7941176470588235
1	153	9	log2	2	entropy	0.8
1	154	14	sqrt	2	gini	0.7941176470588235
1	155	27	sqrt	2	gini	0.7823529411764706
1	156	22	sqrt	2	gini	0.7941176470588235
1	157	8	log2	4	entropy	0.7941176470588235
1	158	27	sqrt	2	entropy	0.7823529411764706
1	159	7	sqrt	2	entropy	0.8
1	160	12	log2	4	entropy	0.7941176470588235
1	161	10	sqrt	2	entropy	0.788235294117647
1	162	14	sqrt	2	gini	0.8
1	163	28	sqrt	2	gini	0.7941176470588235
1	164	10	sqrt	4	entropy	0.7941176470588235
1	165	14	sqrt	2	gini	0.7823529411764706
1	166	9	sqrt	2	gini	0.8058823529411765
1	167	18	sqrt	4	gini	0.7823529411764706
1	168	28	sqrt	2	gini	0.7764705882352941
1	169	20	log2	2	gini	0.7823529411764706
1	170	24	sqrt	2	entropy	0.7941176470588235
1	171	7	sqrt	3	entropy	0.7764705882352941
1	172	11	log2	2	gini	0.7941176470588235
1	173	28	sqrt	2	entropy	0.7764705882352941
1	174	8	sqrt	2	entropy	0.7823529411764706
1	175	14	log2	2	gini	0.7823529411764706
1	176	29	sqrt	2	entropy	0.8
1	177	18	log2	2	gini	0.7941176470588235
1	178	8	sqrt	4	entropy	0.7941176470588235
1	179	7	log2	2	entropy	0.8
1	180	9	log2	3	gini	0.7941176470588235
1	181	30	sqrt	2	entropy	0.788235294117647
1	182	8	log2	2	gini	0.788235294117647
1	183	12	log2	2	gini	0.7764705882352941
1	184	15	log2	2	gini	0.8
1	185	8	sqrt	4	entropy	0.788235294117647
1	186	13	sqrt	3	gini	0.8058823529411765
1	187	8	log2	2	gini	0.7941176470588235
1	188	5	sqrt	3	entropy	0.788235294117647
1	189	11	log2	2	entropy	0.8117647058823529
1	190	18	log2	2	gini	0.8
1	191	30	log2	2	gini	0.788235294117647
1	192	8	sqrt	3	gini	0.788235294117647
1	193	10	sqrt	2	gini	0.7941176470588235
1	194	28	log2	2	entropy	0.8
1	195	17	sqrt	3	gini	0.788235294117647
1	196	5	sqrt	2	entropy	0.7823529411764706
1	197	11	sqrt	3	entropy	0.8058823529411765
1	198	12	sqrt	2	gini	0.7941176470588235
1	199	8	sqrt	2	gini	0.8
1	200	12	log2	3	entropy	0.788235294117647
1	201	17	log2	2	gini	0.8
1	202	6	sqrt	3	gini	0.788235294117647
1	203	23	log2	2	entropy	0.7764705882352941
1	204	19	log2	2	entropy	0.8058823529411765
1	205	12	log2	3	gini	0.8058823529411765
1	206	20	sqrt	2	gini	0.788235294117647
1	207	26	sqrt	2	entropy	0.7823529411764706
1	208	17	log2	2	entropy	0.7764705882352941
1	209	26	log2	2	entropy	0.788235294117647
1	210	16	sqrt	4	gini	0.8
1	211	6	log2	3	entropy	0.8
1	212	7	sqrt	4	gini	0.7941176470588235
1	213	11	sqrt	2	gini	0.7823529411764706
1	214	26	sqrt	2	gini	0.7941176470588235
1	215	11	log2	2	gini	0.7823529411764706
1	216	13	log2	2	gini	0.7941176470588235
1	217	7	log2	3	gini	0.7941176470588235
1	218	23	sqrt	2	gini	0.788235294117647
1	219	11	sqrt	2	gini	0.8
1	220	6	log2	2	gini	0.788235294117647
1	221	20	log2	4	gini	0.7823529411764706
1	222	7	log2	2	entropy	0.7941176470588235
1	223	10	sqrt	3	gini	0.8058823529411765
1	224	8	log2	3	gini	0.8058823529411765
1	225	6	log2	2	gini	0.7823529411764706
1	226	6	sqrt	2	entropy	0.7823529411764706
1	227	24	sqrt	2	gini	0.788235294117647
1	228	24	sqrt	2	entropy	0.7823529411764706
1	229	7	log2	2	gini	0.7941176470588235
1	230	14	sqrt	2	gini	0.788235294117647
1	231	20	sqrt	3	entropy	0.7823529411764706
1	232	11	log2	2	entropy	0.8
1	233	19	sqrt	2	gini	0.7823529411764706
1	234	19	sqrt	2	entropy	0.7705882352941177
1	235	16	sqrt	2	gini	0.7941176470588235
1	236	14	log2	2	gini	0.8
1	237	6	log2	3	entropy	0.788235294117647
1	238	29	log2	2	gini	0.7823529411764706
1	239	9	sqrt	2	entropy	0.7941176470588235
1	240	11	log2	2	gini	0.7941176470588235
1	241	12	log2	2	gini	0.788235294117647
1	242	8	sqrt	2	gini	0.788235294117647
1	243	6	sqrt	2	gini	0.7941176470588235
1	244	21	sqrt	2	entropy	0.8058823529411765
1	245	10	log2	3	entropy	0.8117647058823529
1	246	15	log2	3	gini	0.7941176470588235
1	247	24	sqrt	4	gini	0.7941176470588235
1	248	7	sqrt	3	entropy	0.8117647058823529
1	249	9	log2	4	gini	0.8
1	250	30	log2	4	entropy	0.788235294117647
1	251	12	log2	3	gini	0.7823529411764706
1	252	7	sqrt	2	gini	0.788235294117647
1	253	20	log2	2	gini	0.7823529411764706
1	254	12	sqrt	2	gini	0.7941176470588235
1	255	23	log2	2	entropy	0.7823529411764706
1	256	14	sqrt	2	gini	0.7941176470588235
1	257	26	log2	4	gini	0.8
1	258	29	sqrt	2	entropy	0.7941176470588235
1	259	16	sqrt	2	gini	0.7764705882352941
1	260	26	sqrt	2	gini	0.7823529411764706
1	261	5	sqrt	2	entropy	0.7823529411764706
1	262	8	log2	3	gini	0.788235294117647
1	263	10	sqrt	3	entropy	0.8058823529411765
1	264	12	log2	4	entropy	0.788235294117647
1	265	19	sqrt	2	gini	0.7823529411764706
1	266	23	log2	2	gini	0.7764705882352941
1	267	22	log2	2	gini	0.8
1	268	5	log2	2	gini	0.8
1	269	5	sqrt	4	gini	0.7941176470588235
1	270	13	sqrt	4	gini	0.788235294117647
1	271	13	sqrt	2	entropy	0.8
1	272	17	sqrt	4	entropy	0.788235294117647
1	273	6	sqrt	2	entropy	0.8
1	274	30	sqrt	2	gini	0.788235294117647
1	275	10	log2	3	gini	0.8058823529411765
1	276	15	sqrt	2	entropy	0.8058823529411765
1	277	23	sqrt	2	gini	0.7941176470588235
1	278	9	sqrt	2	gini	0.788235294117647
1	279	10	sqrt	4	gini	0.7941176470588235
1	280	6	log2	4	entropy	0.7941176470588235
1	281	27	log2	2	gini	0.7941176470588235
1	282	14	sqrt	2	entropy	0.8
1	283	13	sqrt	4	gini	0.8
1	284	14	log2	2	gini	0.7823529411764706
1	285	10	log2	2	entropy	0.788235294117647
1	286	24	sqrt	2	gini	0.7941176470588235
1	287	30	log2	2	entropy	0.7941176470588235
1	288	9	log2	4	gini	0.788235294117647
1	289	13	log2	4	gini	0.8
1	290	10	sqrt	2	gini	0.788235294117647
1	291	23	sqrt	2	entropy	0.7705882352941177
1	292	26	log2	2	gini	0.7941176470588235
1	293	29	log2	2	entropy	0.7941176470588235
1	294	10	log2	3	gini	0.7823529411764706
1	295	13	log2	2	gini	0.7941176470588235
1	296	21	sqrt	4	entropy	0.7941176470588235
1	297	12	sqrt	3	gini	0.8058823529411765
1	298	21	log2	3	gini	0.7941176470588235
1	299	12	log2	4	entropy	0.7941176470588235
1	300	5	log2	4	gini	0.788235294117647
1	301	7	sqrt	2	entropy	0.788235294117647
1	302	25	log2	4	entropy	0.7941176470588235
1	303	9	log2	4	gini	0.8
1	304	8	log2	3	entropy	0.788235294117647
1	305	28	sqrt	2	gini	0.7705882352941177
1	306	5	sqrt	4	gini	0.7941176470588235
1	307	13	log2	4	entropy	0.7941176470588235
1	308	19	sqrt	2	entropy	0.7823529411764706
1	309	18	sqrt	4	gini	0.7941176470588235
1	310	15	sqrt	4	gini	0.8
1	311	21	log2	3	entropy	0.7705882352941177
1	312	30	sqrt	4	entropy	0.788235294117647
1	313	20	sqrt	3	gini	0.7823529411764706
1	314	8	sqrt	3	entropy	0.7941176470588235
1	315	26	log2	2	entropy	0.8
1	316	13	sqrt	4	gini	0.8
1	317	21	sqrt	3	entropy	0.788235294117647
1	318	30	sqrt	2	entropy	0.7764705882352941
1	319	14	log2	2	gini	0.7764705882352941
2	0	8	log2	2	gini	0.7719298245614035
2	1	6	log2	3	gini	0.7660818713450293
2	2	16	log2	3	entropy	0.7660818713450293
2	3	7	log2	3	gini	0.7719298245614035
2	4	29	log2	2	gini	0.783625730994152
2	5	7	log2	4	entropy	0.7894736842105263
2	6	6	sqrt	2	entropy	0.7894736842105263
2	7	16	log2	2	gini	0.7777777777777778
2	8	10	log2	2	gini	0.7777777777777778
2	9	20	sqrt	2	gini	0.783625730994152
2	10	7	sqrt	3	entropy	0.783625730994152
2	11	17	sqrt	2	gini	0.783625730994152
2	12	14	log2	2	gini	0.7719298245614035
2	13	10	log2	2	gini	0.7719298245614035
2	14	18	log2	3	gini	0.7660818713450293
2	15	25	sqrt	2	gini	0.7894736842105263
2	16	8	log2	3	entropy	0.7894736842105263
2	17	23	log2	3	gini	0.783625730994152
2	18	14	sqrt	2	gini	0.7660818713450293
2	19	17	log2	2	entropy	0.7894736842105263
2	20	25	sqrt	2	entropy	0.7894736842105263
2	21	26	log2	2	entropy	0.783625730994152
2	22	10	log2	4	gini	0.783625730994152
2	23	12	log2	4	gini	0.783625730994152
2	24	17	log2	2	entropy	0.7777777777777778
2	25	8	sqrt	2	gini	0.7894736842105263
2	26	8	log2	3	gini	0.7777777777777778
2	27	10	sqrt	4	entropy	0.7894736842105263
2	28	8	log2	3	entropy	0.7894736842105263
2	29	15	log2	4	gini	0.7660818713450293
2	30	14	log2	2	entropy	0.7777777777777778
2	31	27	sqrt	2	gini	0.7719298245614035
2	32	8	sqrt	2	gini	0.783625730994152
2	33	5	sqrt	3	gini	0.7602339181286549
2	34	17	log2	2	gini	0.783625730994152
2	35	13	sqrt	2	gini	0.7953216374269005
2	36	5	log2	3	gini	0.7660818713450293
2	37	10	log2	3	entropy	0.783625730994152
2	38	15	log2	4	gini	0.7953216374269005
2	39	26	log2	2	gini	0.7660818713450293
2	40	10	log2	4	gini	0.7777777777777778
2	41	8	sqrt	3	entropy	0.7777777777777778
2	42	18	sqrt	3	entropy	0.783625730994152
2	43	15	log2	2	gini	0.7719298245614035
2	44	22	sqrt	2	gini	0.783625730994152
2	45	13	sqrt	2	gini	0.783625730994152
2	46	6	log2	3	gini	0.7777777777777778
2	47	8	log2	2	gini	0.7719298245614035
2	48	5	sqrt	3	entropy	0.7953216374269005
2	49	20	log2	4	gini	0.783625730994152
2	50	30	log2	2	gini	0.783625730994152
2	51	22	sqrt	4	gini	0.783625730994152
2	52	19	sqrt	3	gini	0.7894736842105263
2	53	6	log2	3	gini	0.7894736842105263
2	54	9	sqrt	2	gini	0.7894736842105263
2	55	10	log2	2	entropy	0.7660818713450293
2	56	5	log2	3	entropy	0.783625730994152
2	57	10	log2	2	gini	0.8070175438596491
2	58	9	sqrt	2	entropy	0.8070175438596491
2	59	5	sqrt	4	entropy	0.8070175438596491
2	60	12	log2	2	gini	0.7953216374269005
2	61	9	log2	3	gini	0.7660818713450293
2	62	13	sqrt	4	gini	0.783625730994152
2	63	10	sqrt	2	gini	0.7894736842105263
2	64	18	sqrt	2	entropy	0.7777777777777778
2	65	13	sqrt	2	gini	0.783625730994152
2	66	17	sqrt	2	entropy	0.7953216374269005
2	67	15	sqrt	2	gini	0.7953216374269005
2	68	6	sqrt	3	entropy	0.7660818713450293
2	69	9	log2	2	entropy	0.783625730994152
2	70	16	sqrt	2	gini	0.783625730994152
2	71	17	log2	2	entropy	0.7894736842105263
2	72	14	sqrt	2	gini	0.7660818713450293
2	73	10	sqrt	2	entropy	0.7777777777777778
2	74	11	sqrt	3	gini	0.7719298245614035
2	75	23	log2	3	entropy	0.783625730994152
2	76	6	log2	3	entropy	0.7719298245614035
2	77	5	log2	2	gini	0.8070175438596491
2	78	10	sqrt	2	gini	0.783625730994152
2	79	19	log2	2	gini	0.783625730994152
2	80	8	sqrt	2	gini	0.783625730994152
2	81	15	sqrt	3	entropy	0.8011695906432749
2	82	15	sqrt	2	gini	0.7894736842105263
2	83	5	sqrt	3	entropy	0.7777777777777778
2	84	6	sqrt	2	gini	0.8070175438596491
2	85	6	log2	2	gini	0.7894736842105263
2	86	14	log2	4	gini	0.7602339181286549
2	87	5	sqrt	2	entropy	0.7894736842105263
2	88	6	sqrt	3	entropy	0.7894736842105263
2	89	5	sqrt	3	gini	0.7953216374269005
2	90	7	log2	2	entropy	0.7719298245614035
2	91	10	log2	4	entropy	0.783625730994152
2	92	8	sqrt	3	gini	0.7894736842105263
2	93	8	log2	3	gini	0.8011695906432749
2	94	8	sqrt	3	gini	0.7894736842105263
2	95	14	sqrt	2	gini	0.7953216374269005
2	96	26	log2	2	entropy	0.7777777777777778
2	97	7	log2	4	gini	0.7777777777777778
2	98	9	sqrt	4	gini	0.8011695906432749
2	99	9	sqrt	2	gini	0.7777777777777778
2	100	10	log2	4	gini	0.7894736842105263
2	101	6	log2	2	gini	0.7953216374269005
2	102	7	log2	2	gini	0.783625730994152
2	103	5	sqrt	3	gini	0.7953216374269005
2	104	21	log2	4	gini	0.7602339181286549
2	105	6	sqrt	4	entropy	0.7719298245614035
2	106	13	sqrt	2	entropy	0.7777777777777778
2	107	11	sqrt	4	entropy	0.7894736842105263
2	108	8	sqrt	2	entropy	0.7660818713450293
2	109	8	log2	3	gini	0.7894736842105263
2	110	18	sqrt	4	entropy	0.7777777777777778
2	111	5	log2	2	entropy	0.7719298245614035
2	112	29	sqrt	3	gini	0.783625730994152
2	113	21	sqrt	3	gini	0.7719298245614035
2	114	14	log2	2	gini	0.7719298245614035
2	115	5	log2	4	entropy	0.8070175438596491
2	116	7	sqrt	2	entropy	0.8070175438596491
2	117	10	log2	3	gini	0.7894736842105263
2	118	6	sqrt	3	gini	0.7777777777777778
2	119	5	sqrt	4	entropy	0.783625730994152
2	120	18	sqrt	3	gini	0.783625730994152
2	121	8	sqrt	3	entropy	0.7719298245614035
2	122	16	log2	4	entropy	0.7777777777777778
2	123	6	sqrt	4	entropy	0.7719298245614035
2	124	13	log2	3	entropy	0.7777777777777778
2	125	22	sqrt	2	gini	0.8011695906432749
2	126	6	sqrt	2	gini	0.8070175438596491
2	127	5	log2	2	entropy	0.8011695906432749
2	128	7	sqrt	2	gini	0.7719298245614035
2	129	24	sqrt	2	gini	0.7953216374269005
2	130	14	sqrt	2	gini	0.7777777777777778
2	131	26	log2	2	gini	0.7777777777777778
2	132	22	log2	4	entropy	0.7777777777777778
2	133	7	log2	3	gini	0.7719298245614035
2	134	17	sqrt	2	gini	0.783625730994152
2	135	26	log2	2	entropy	0.7953216374269005
2	136	5	sqrt	4	entropy	0.7953216374269005
2	137	7	log2	2	entropy	0.783625730994152
2	138	20	sqrt	3	entropy	0.8011695906432749
2	139	11	sqrt	2	gini	0.7719298245614035
2	140	12	sqrt	2	entropy	0.7660818713450293
2	141	7	sqrt	4	gini	0.7894736842105263
2	142	10	log2	3	gini	0.7719298245614035
2	143	14	sqrt	2	gini	0.7719298245614035
2	144	14	log2	2	gini	0.783625730994152
2	145	10	sqrt	2	gini	0.7719298245614035
2	146	10	log2	2	gini	0.783625730994152
2	147	6	sqrt	2	gini	0.7660818713450293
2	148	7	sqrt	2	gini	0.8070175438596491
2	149	11	sqrt	3	gini	0.7777777777777778
2	150	28	log2	2	entropy	0.7777777777777778
2	151	14	sqrt	2	gini	0.7602339181286549
2	152	14	log2	3	entropy	0.783625730994152
2	153	14	log2	2	gini	0.7660818713450293
2	154	14	sqrt	3	gini	0.7894736842105263
2	155	15	sqrt	4	gini	0.7953216374269005
2	156	13	sqrt	2	gini	0.7953216374269005
2	157	14	log2	3	entropy	0.7777777777777778
2	158	11	log2	2	gini	0.7953216374269005
2	159	16	sqrt	2	gini	0.7777777777777778
2	160	12	sqrt	3	gini	0.783625730994152
2	161	5	sqrt	4	gini	0.7953216374269005
2	162	25	sqrt	3	gini	0.7953216374269005
2	163	28	log2	3	gini	0.7660818713450293
2	164	11	sqrt	3	gini	0.7719298245614035
2	165	26	log2	2	entropy	0.783625730994152
2	166	16	log2	4	entropy	0.7953216374269005
2	167	9	log2	2	entropy	0.783625730994152
2	168	12	log2	3	entropy	0.7777777777777778
2	169	10	sqrt	3	entropy	0.7777777777777778
2	170	18	log2	3	entropy	0.7953216374269005
2	171	19	sqrt	2	gini	0.7543859649122807
2	172	5	log2	2	gini	0.783625730994152
2	173	30	sqrt	2	gini	0.7719298245614035
2	174	29	sqrt	2	gini	0.7719298245614035
2	175	15	sqrt	2	entropy	0.783625730994152
2	176	7	log2	4	gini	0.8070175438596491
2	177	8	sqrt	4	gini	0.7777777777777778
2	178	15	sqrt	2	gini	0.783625730994152
2	179	8	sqrt	3	gini	0.7777777777777778
2	180	9	sqrt	2	gini	0.7894736842105263
2	181	15	log2	3	gini	0.7777777777777778
2	182	5	log2	3	entropy	0.7777777777777778
2	183	8	sqrt	2	entropy	0.7660818713450293
2	184	5	sqrt	3	gini	0.7777777777777778
2	185	17	sqrt	2	entropy	0.7953216374269005
2	186	12	sqrt	2	gini	0.7660818713450293
2	187	8	sqrt	3	gini	0.7953216374269005
2	188	29	sqrt	2	gini	0.783625730994152
2	189	9	log2	2	gini	0.7953216374269005
2	190	5	sqrt	2	entropy	0.783625730994152
2	191	17	sqrt	3	gini	0.8011695906432749
2	192	10	sqrt	3	entropy	0.7719298245614035
2	193	24	log2	3	entropy	0.783625730994152
2	194	20	sqrt	2	gini	0.7660818713450293
2	195	10	log2	2	gini	0.7719298245614035
2	196	11	sqrt	3	entropy	0.8011695906432749
2	197	9	sqrt	2	gini	0.7894736842105263
2	198	8	sqrt	2	gini	0.7777777777777778
2	199	10	log2	3	gini	0.7894736842105263
2	200	6	sqrt	2	gini	0.8011695906432749
2	201	17	log2	2	entropy	0.7953216374269005
2	202	7	log2	2	gini	0.7953216374269005
2	203	9	log2	2	entropy	0.7777777777777778
2	204	28	sqrt	2	gini	0.8011695906432749
2	205	27	sqrt	2	gini	0.7719298245614035
2	206	14	log2	4	entropy	0.7894736842105263
2	207	15	sqrt	4	entropy	0.7602339181286549
2	208	10	sqrt	2	gini	0.783625730994152
2	209	26	sqrt	2	gini	0.7719298245614035
2	210	27	sqrt	3	gini	0.7602339181286549
2	211	11	sqrt	2	entropy	0.783625730994152
2	212	12	sqrt	2	gini	0.7894736842105263
2	213	14	log2	2	gini	0.7777777777777778
2	214	9	sqrt	3	gini	0.783625730994152
2	215	28	log2	3	entropy	0.7953216374269005
2	216	28	log2	2	gini	0.7953216374269005
2	217	16	sqrt	3	gini	0.7894736842105263
2	218	9	sqrt	3	gini	0.783625730994152
2	219	12	log2	2	gini	0.7719298245614035
2	220	10	sqrt	3	gini	0.7894736842105263
2	221	27	log2	2	gini	0.7660818713450293
2	222	20	log2	3	gini	0.783625730994152
2	223	5	sqrt	2	entropy	0.7719298245614035
2	224	24	log2	2	entropy	0.8128654970760234
2	225	9	log2	2	entropy	0.7777777777777778
2	226	24	log2	2	entropy	0.783625730994152
2	227	16	sqrt	2	gini	0.8011695906432749
2	228	20	log2	2	gini	0.7660818713450293
2	229	9	sqrt	3	gini	0.7660818713450293
2	230	25	log2	3	gini	0.7719298245614035
2	231	12	sqrt	2	gini	0.7894736842105263
2	232	10	log2	2	entropy	0.7719298245614035
2	233	28	log2	3	gini	0.7719298245614035
2	234	5	log2	4	entropy	0.7894736842105263
2	235	5	sqrt	2	gini	0.7719298245614035
2	236	7	sqrt	3	entropy	0.8011695906432749
2	237	25	sqrt	2	gini	0.7777777777777778
2	238	6	sqrt	3	gini	0.7894736842105263
2	239	6	log2	4	gini	0.7777777777777778
2	240	12	log2	2	gini	0.7719298245614035
2	241	19	log2	2	gini	0.783625730994152
2	242	19	log2	3	gini	0.7719298245614035
2	243	17	log2	2	entropy	0.7894736842105263
2	244	15	log2	3	gini	0.7777777777777778
2	245	8	sqrt	3	entropy	0.783625730994152
2	246	12	log2	2	entropy	0.8070175438596491
2	247	17	sqrt	2	entropy	0.7894736842105263
2	248	5	sqrt	3	gini	0.7719298245614035
2	249	25	sqrt	2	gini	0.783625730994152
2	250	6	log2	2	gini	0.783625730994152
2	251	12	log2	2	gini	0.7777777777777778
2	252	20	sqrt	2	gini	0.783625730994152
2	253	10	sqrt	3	gini	0.7777777777777778
2	254	11	sqrt	2	gini	0.8128654970760234
2	255	6	sqrt	2	entropy	0.8011695906432749
2	256	5	log2	3	gini	0.7719298245614035
2	257	12	log2	2	gini	0.7777777777777778
2	258	10	sqrt	3	gini	0.7777777777777778
2	259	7	log2	4	gini	0.7660818713450293
2	260	15	log2	4	gini	0.7777777777777778
2	261	7	sqrt	2	entropy	0.8070175438596491
2	262	6	sqrt	2	gini	0.7953216374269005
2	263	8	sqrt	4	entropy	0.7953216374269005
2	264	6	sqrt	3	entropy	0.8070175438596491
2	265	19	log2	2	gini	0.7777777777777778
2	266	13	sqrt	3	gini	0.783625730994152
2	267	22	log2	2	gini	0.783625730994152
2	268	22	sqrt	2	gini	0.7894736842105263
2	269	8	sqrt	2	entropy	0.783625730994152
2	270	9	sqrt	3	gini	0.7894736842105263
2	271	10	sqrt	3	gini	0.7777777777777778
2	272	15	sqrt	2	gini	0.783625730994152
2	273	11	log2	2	entropy	0.7953216374269005
2	274	15	sqrt	3	gini	0.7660818713450293
2	275	25	sqrt	4	gini	0.7953216374269005
2	276	5	log2	2	entropy	0.7953216374269005
2	277	9	log2	2	entropy	0.783625730994152
2	278	7	sqrt	3	gini	0.7953216374269005
2	279	14	sqrt	2	entropy	0.7660818713450293
2	280	8	sqrt	2	gini	0.783625730994152
2	281	17	sqrt	4	gini	0.7719298245614035
2	282	16	log2	2	gini	0.7777777777777778
2	283	7	sqrt	2	gini	0.783625730994152
2	284	22	sqrt	2	gini	0.7777777777777778
2	285	25	sqrt	2	gini	0.7719298245614035
2	286	9	sqrt	3	entropy	0.783625730994152
2	287	5	log2	3	entropy	0.8011695906432749
2	288	24	log2	2	gini	0.7777777777777778
2	289	10	sqrt	4	entropy	0.7777777777777778
2	290	5	sqrt	4	gini	0.7953216374269005
2	291	8	sqrt	3	entropy	0.7953216374269005
2	292	26	log2	2	entropy	0.7894736842105263
2	293	20	sqrt	3	gini	0.7894736842105263
2	294	5	log2	3	gini	0.7894736842105263
2	295	6	log2	4	gini	0.7894736842105263
2	296	19	sqrt	2	gini	0.7719298245614035
2	297	11	sqrt	2	gini	0.7660818713450293
2	298	10	sqrt	4	entropy	0.7719298245614035
2	299	10	log2	2	entropy	0.7777777777777778
2	300	12	sqrt	3	gini	0.8011695906432749
2	301	9	log2	2	gini	0.783625730994152
2	302	9	log2	4	entropy	0.783625730994152
2	303	5	sqrt	3	gini	0.783625730994152
2	304	11	log2	3	entropy	0.7894736842105263
2	305	5	sqrt	2	gini	0.7719298245614035
2	306	7	log2	2	entropy	0.7953216374269005
2	307	8	log2	4	entropy	0.7953216374269005
2	308	7	sqrt	2	gini	0.8187134502923976
2	309	21	log2	2	gini	0.783625730994152
2	310	13	log2	3	gini	0.7894736842105263
2	311	15	log2	3	entropy	0.7719298245614035
2	312	29	log2	2	gini	0.7719298245614035
2	313	21	sqrt	3	entropy	0.7894736842105263
2	314	8	sqrt	4	entropy	0.8070175438596491
2	315	7	log2	2	gini	0.7719298245614035
2	316	19	log2	2	gini	0.8011695906432749
2	317	10	log2	2	gini	0.8011695906432749
2	318	6	log2	2	entropy	0.7894736842105263
2	319	6	sqrt	2	gini	0.7660818713450293
3	0	14	log2	2	gini	0.783625730994152
3	1	25	sqrt	3	gini	0.7894736842105263
3	2	27	log2	2	gini	0.8011695906432749
3	3	5	log2	4	entropy	0.8128654970760234
3	4	30	log2	2	entropy	0.8070175438596491
3	5	6	sqrt	2	gini	0.8070175438596491
3	6	5	sqrt	2	entropy	0.8070175438596491
3	7	10	log2	2	gini	0.8011695906432749
3	8	18	log2	4	gini	0.7894736842105263
3	9	29	sqrt	4	entropy	0.8128654970760234
3	10	18	log2	4	entropy	0.7953216374269005
3	11	13	sqrt	2	entropy	0.7953216374269005
3	12	26	log2	2	gini	0.8070175438596491
3	13	23	log2	4	entropy	0.8011695906432749
3	14	21	sqrt	3	entropy	0.8011695906432749
3	15	30	sqrt	2	gini	0.8011695906432749
3	16	15	sqrt	4	entropy	0.8128654970760234
3	17	27	sqrt	3	entropy	0.7894736842105263
3	18	25	sqrt	4	entropy	0.7953216374269005
3	19	13	log2	3	gini	0.8070175438596491
3	20	6	sqrt	3	entropy	0.7894736842105263
3	21	23	sqrt	4	gini	0.8128654970760234
3	22	11	log2	2	entropy	0.8128654970760234
3	23	15	sqrt	3	gini	0.7894736842105263
3	24	10	sqrt	4	entropy	0.8011695906432749
3	25	7	log2	3	entropy	0.8128654970760234
3	26	13	log2	2	entropy	0.8070175438596491
3	27	26	log2	4	entropy	0.7953216374269005
3	28	21	sqrt	4	entropy	0.8128654970760234
3	29	28	sqrt	4	entropy	0.7894736842105263
3	30	11	log2	3	entropy	0.8070175438596491
3	31	9	sqrt	3	entropy	0.8011695906432749
3	32	26	sqrt	4	gini	0.8070175438596491
3	33	23	log2	3	entropy	0.8011695906432749
3	34	6	sqrt	4	entropy	0.8128654970760234
3	35	13	log2	3	entropy	0.8128654970760234
3	36	13	log2	3	entropy	0.8128654970760234
3	37	7	log2	4	gini	0.7953216374269005
3	38	5	log2	3	entropy	0.8128654970760234
3	39	12	sqrt	3	entropy	0.8070175438596491
3	40	14	log2	3	gini	0.7953216374269005
3	41	15	log2	3	gini	0.783625730994152
3	42	28	log2	2	gini	0.8128654970760234
3	43	11	log2	3	entropy	0.8128654970760234
3	44	18	sqrt	4	gini	0.8128654970760234
3	45	27	sqrt	3	entropy	0.8128654970760234
3	46	9	log2	4	entropy	0.8011695906432749
3	47	11	log2	3	entropy	0.8011695906432749
3	48	7	sqrt	2	entropy	0.8128654970760234
3	49	6	log2	2	gini	0.8070175438596491
3	50	29	log2	3	entropy	0.8128654970760234
3	51	12	sqrt	3	entropy	0.8187134502923976
3	52	13	log2	4	gini	0.8070175438596491
3	53	14	sqrt	2	gini	0.8128654970760234
3	54	16	sqrt	2	gini	0.7953216374269005
3	55	25	sqrt	4	gini	0.7953216374269005
3	56	16	sqrt	4	entropy	0.8070175438596491
3	57	8	log2	4	gini	0.8128654970760234
3	58	5	sqrt	2	entropy	0.783625730994152
3	59	17	log2	2	gini	0.783625730994152
3	60	22	sqrt	2	entropy	0.8011695906432749
3	61	17	log2	3	gini	0.8070175438596491
3	62	18	log2	2	gini	0.8011695906432749
3	63	16	sqrt	4	entropy	0.8187134502923976
3	64	11	sqrt	4	entropy	0.8011695906432749
3	65	24	log2	2	entropy	0.7894736842105263
3	66	24	sqrt	2	gini	0.8128654970760234
3	67	15	sqrt	4	entropy	0.7953216374269005
3	68	20	log2	4	entropy	0.7894736842105263
3	69	25	log2	3	entropy	0.7894736842105263
3	70	11	sqrt	2	gini	0.8245614035087719
3	71	5	sqrt	4	gini	0.7894736842105263
3	72	15	log2	2	entropy	0.8070175438596491
3	73	7	sqrt	2	gini	0.7953216374269005
3	74	30	log2	4	gini	0.8011695906432749
3	75	17	sqrt	4	gini	0.8011695906432749
3	76	8	log2	2	gini	0.7953216374269005
3	77	17	log2	3	entropy	0.7953216374269005
3	78	16	sqrt	4	entropy	0.8070175438596491
3	79	8	log2	3	gini	0.7953216374269005
3	80	17	sqrt	2	gini	0.7953216374269005
3	81	14	sqrt	4	entropy	0.8128654970760234
3	82	6	log2	4	entropy	0.7894736842105263
3	83	6	sqrt	4	gini	0.8128654970760234
3	84	6	sqrt	3	gini	0.8187134502923976
3	85	9	log2	2	gini	0.8011695906432749
3	86	18	sqrt	4	gini	0.7894736842105263
3	87	10	log2	3	gini	0.8011695906432749
3	88	16	sqrt	3	entropy	0.7953216374269005
3	89	20	sqrt	3	entropy	0.8070175438596491
3	90	6	sqrt	3	gini	0.8011695906432749
3	91	30	log2	4	entropy	0.8011695906432749
3	92	17	sqrt	3	gini	0.8011695906432749
3	93	20	log2	2	entropy	0.8070175438596491
3	94	15	sqrt	2	gini	0.8187134502923976
3	95	15	log2	2	entropy	0.8187134502923976
3	96	22	sqrt	3	entropy	0.8011695906432749
3	97	8	sqrt	4	entropy	0.8128654970760234
3	98	5	sqrt	2	entropy	0.8070175438596491
3	99	9	sqrt	3	gini	0.8070175438596491
3	100	16	log2	3	entropy	0.7953216374269005
3	101	28	sqrt	4	entropy	0.8070175438596491
3	102	19	log2	3	entropy	0.7953216374269005
3	103	7	sqrt	2	entropy	0.8128654970760234
3	104	17	sqrt	4	gini	0.7953216374269005
3	105	26	sqrt	2	gini	0.7953216374269005
3	106	7	sqrt	3	entropy	0.8187134502923976
3	107	9	sqrt	2	gini	0.8304093567251462
3	108	8	sqrt	4	entropy	0.8070175438596491
3	109	27	sqrt	3	gini	0.8070175438596491
3	110	22	sqrt	3	gini	0.8128654970760234
3	111	12	log2	3	gini	0.7953216374269005
3	112	6	log2	3	gini	0.7894736842105263
3	113	20	sqrt	4	gini	0.8011695906432749
3	114	23	sqrt	4	entropy	0.8011695906432749
3	115	22	log2	4	entropy	0.7953216374269005
3	116	8	sqrt	2	gini	0.8011695906432749
3	117	13	sqrt	3	entropy	0.8070175438596491
3	118	30	log2	4	entropy	0.8070175438596491
3	119	21	sqrt	4	entropy	0.8187134502923976
3	120	15	sqrt	3	gini	0.7894736842105263
3	121	7	sqrt	3	gini	0.7953216374269005
3	122	19	sqrt	3	gini	0.8128654970760234
3	123	5	log2	4	gini	0.7777777777777778
3	124	14	sqrt	4	gini	0.8245614035087719
3	125	15	sqrt	4	entropy	0.8011695906432749
3	126	7	sqrt	3	gini	0.8070175438596491
3	127	9	log2	3	gini	0.8011695906432749
3	128	13	sqrt	4	entropy	0.8070175438596491
3	129	9	sqrt	3	gini	0.7953216374269005
3	130	24	sqrt	2	gini	0.8128654970760234
3	131	24	sqrt	4	entropy	0.8187134502923976
3	132	22	log2	4	gini	0.8245614035087719
3	133	10	log2	4	gini	0.7894736842105263
3	134	20	sqrt	4	gini	0.8011695906432749
3	135	10	sqrt	4	gini	0.8128654970760234
3	136	22	sqrt	4	gini	0.783625730994152
3	137	16	sqrt	3	gini	0.8128654970760234
3	138	27	log2	2	gini	0.7953216374269005
3	139	16	log2	3	gini	0.8011695906432749
3	140	9	log2	4	gini	0.783625730994152
3	141	22	sqrt	2	entropy	0.8070175438596491
3	142	18	log2	2	gini	0.8011695906432749
3	143	9	sqrt	3	entropy	0.8011695906432749
3	144	10	sqrt	4	entropy	0.7894736842105263
3	145	7	sqrt	3	entropy	0.7953216374269005
3	146	5	sqrt	3	entropy	0.8128654970760234
3	147	21	sqrt	3	gini	0.8011695906432749
3	148	23	sqrt	3	gini	0.8245614035087719
3	149	6	log2	4	gini	0.8128654970760234
3	150	23	sqrt	2	entropy	0.8187134502923976
3	151	17	log2	4	gini	0.8187134502923976
3	152	20	sqrt	3	gini	0.8070175438596491
3	153	17	sqrt	2	entropy	0.8128654970760234
3	154	5	log2	2	entropy	0.8128654970760234
3	155	15	sqrt	4	entropy	0.7894736842105263
3	156	9	log2	4	gini	0.8128654970760234
3	157	5	sqrt	3	entropy	0.8011695906432749
3	158	5	sqrt	2	entropy	0.8070175438596491
3	159	7	log2	2	entropy	0.7953216374269005
3	160	20	log2	4	entropy	0.7953216374269005
3	161	24	log2	4	entropy	0.8128654970760234
3	162	14	sqrt	4	gini	0.8011695906432749
3	163	9	sqrt	2	gini	0.8011695906432749
3	164	24	sqrt	2	gini	0.8187134502923976
3	165	27	log2	4	entropy	0.8070175438596491
3	166	13	sqrt	4	gini	0.8070175438596491
3	167	19	log2	4	gini	0.783625730994152
3	168	28	log2	3	entropy	0.8011695906432749
3	169	27	log2	3	gini	0.7953216374269005
3	170	11	log2	3	entropy	0.7894736842105263
3	171	16	log2	2	entropy	0.8011695906432749
3	172	20	log2	2	entropy	0.7953216374269005
3	173	12	log2	4	entropy	0.8128654970760234
3	174	22	log2	3	gini	0.8011695906432749
3	175	10	log2	2	entropy	0.8128654970760234
3	176	16	sqrt	4	entropy	0.8070175438596491
3	177	9	sqrt	3	entropy	0.8011695906432749
3	178	30	sqrt	4	entropy	0.8070175438596491
3	179	7	sqrt	3	entropy	0.7953216374269005
3	180	13	sqrt	4	entropy	0.8011695906432749
3	181	13	log2	3	gini	0.8011695906432749
3	182	7	log2	3	entropy	0.8128654970760234
3	183	18	sqrt	2	entropy	0.7953216374269005
3	184	18	log2	2	gini	0.8187134502923976
3	185	23	sqrt	3	entropy	0.7894736842105263
3	186	18	sqrt	2	entropy	0.783625730994152
3	187	11	log2	2	entropy	0.7953216374269005
3	188	13	sqrt	3	gini	0.8187134502923976
3	189	24	log2	2	entropy	0.8070175438596491
3	190	14	log2	3	entropy	0.8128654970760234
3	191	12	log2	3	gini	0.8128654970760234
3	192	13	sqrt	3	gini	0.783625730994152
3	193	26	log2	2	entropy	0.8011695906432749
3	194	28	log2	4	gini	0.8128654970760234
3	195	28	sqrt	2	gini	0.7894736842105263
3	196	30	sqrt	3	entropy	0.8070175438596491
3	197	9	log2	4	gini	0.7953216374269005
3	198	7	log2	2	entropy	0.8128654970760234
3	199	8	sqrt	3	entropy	0.8187134502923976
3	200	26	log2	3	gini	0.7894736842105263
3	201	19	sqrt	2	gini	0.8011695906432749
3	202	5	sqrt	4	gini	0.7953216374269005
3	203	12	sqrt	2	gini	0.8128654970760234
3	204	29	log2	3	entropy	0.8128654970760234
3	205	8	sqrt	2	entropy	0.8011695906432749
3	206	15	log2	4	entropy	0.7953216374269005
3	207	23	log2	3	gini	0.7953216374269005
3	208	13	sqrt	4	gini	0.8070175438596491
3	209	13	sqrt	3	gini	0.7894736842105263
3	210	10	log2	3	entropy	0.8070175438596491
3	211	15	sqrt	2	gini	0.8187134502923976
3	212	18	log2	4	gini	0.8011695906432749
3	213	19	log2	3	gini	0.783625730994152
3	214	8	sqrt	3	gini	0.7953216374269005
3	215	20	sqrt	2	gini	0.8070175438596491
3	216	8	sqrt	2	entropy	0.8011695906432749
3	217	15	log2	3	gini	0.8187134502923976
3	218	10	log2	4	entropy	0.8187134502923976
3	219	17	log2	4	gini	0.7953216374269005
3	220	9	log2	3	gini	0.8011695906432749
3	221	8	log2	3	gini	0.7953216374269005
3	222	17	log2	2	gini	0.8070175438596491
3	223	11	log2	2	gini	0.7953216374269005
3	224	16	sqrt	2	gini	0.8011695906432749
3	225	26	sqrt	3	entropy	0.8011695906432749
3	226	19	log2	3	gini	0.7953216374269005
3	227	18	sqrt	3	entropy	0.8128654970760234
3	228	11	log2	4	gini	0.8128654970760234
3	229	5	sqrt	3	gini	0.7894736842105263
3	230	7	sqrt	3	entropy	0.8011695906432749
3	231	9	sqrt	3	entropy	0.8070175438596491
3	232	28	log2	2	gini	0.8011695906432749
3	233	26	sqrt	4	gini	0.8070175438596491
3	234	17	log2	3	gini	0.7894736842105263
3	235	26	sqrt	2	entropy	0.7953216374269005
3	236	18	log2	2	entropy	0.8128654970760234
3	237	17	sqrt	3	gini	0.8070175438596491
3	238	27	log2	4	entropy	0.8187134502923976
3	239	7	sqrt	2	gini	0.7777777777777778
3	240	25	sqrt	2	gini	0.7953216374269005
3	241	18	sqrt	2	gini	0.8128654970760234
3	242	8	sqrt	2	gini	0.7894736842105263
3	243	27	log2	3	entropy	0.8011695906432749
3	244	14	log2	3	gini	0.7953216374269005
3	245	12	log2	3	gini	0.8245614035087719
3	246	18	log2	3	gini	0.8128654970760234
3	247	19	sqrt	4	entropy	0.8128654970760234
3	248	15	log2	3	entropy	0.8187134502923976
3	249	17	sqrt	2	gini	0.783625730994152
3	250	7	sqrt	3	gini	0.7953216374269005
3	251	5	log2	4	entropy	0.7953216374269005
3	252	21	log2	3	gini	0.8011695906432749
3	253	26	sqrt	2	entropy	0.8070175438596491
3	254	7	log2	3	entropy	0.7953216374269005
3	255	8	sqrt	2	gini	0.8421052631578947
3	256	14	log2	4	gini	0.8011695906432749
3	257	27	log2	3	entropy	0.8011695906432749
3	258	15	log2	3	entropy	0.8187134502923976
3	259	17	log2	4	entropy	0.8070175438596491
3	260	13	sqrt	2	gini	0.8070175438596491
3	261	5	sqrt	4	gini	0.7953216374269005
3	262	5	log2	2	gini	0.7953216374269005
3	263	17	sqrt	2	entropy	0.8128654970760234
3	264	7	log2	2	gini	0.783625730994152
3	265	5	sqrt	3	entropy	0.8304093567251462
3	266	20	sqrt	2	entropy	0.7894736842105263
3	267	22	sqrt	2	gini	0.7953216374269005
3	268	22	sqrt	2	entropy	0.8070175438596491
3	269	29	sqrt	4	entropy	0.7953216374269005
3	270	5	sqrt	2	gini	0.7719298245614035
3	271	8	sqrt	2	entropy	0.783625730994152
3	272	19	log2	2	gini	0.783625730994152
3	273	8	sqrt	3	gini	0.7953216374269005
3	274	30	log2	3	gini	0.783625730994152
3	275	7	sqrt	2	entropy	0.8011695906432749
3	276	21	log2	3	entropy	0.8187134502923976
3	277	15	log2	3	entropy	0.8070175438596491
3	278	29	sqrt	2	entropy	0.7953216374269005
3	279	5	log2	2	entropy	0.8187134502923976
3	280	28	log2	2	gini	0.8011695906432749
3	281	24	log2	3	gini	0.8011695906432749
3	282	10	sqrt	2	gini	0.8304093567251462
3	283	13	log2	4	gini	0.8011695906432749
3	284	9	log2	4	gini	0.8070175438596491
3	285	21	log2	4	gini	0.7894736842105263
3	286	5	log2	4	entropy	0.8070175438596491
3	287	12	log2	4	gini	0.7953216374269005
3	288	11	log2	2	entropy	0.8011695906432749
3	289	9	sqrt	3	gini	0.8128654970760234
3	290	20	log2	4	gini	0.8245614035087719
3	291	24	log2	4	entropy	0.8011695906432749
3	292	30	log2	2	entropy	0.8011695906432749
3	293	10	sqrt	3	entropy	0.8070175438596491
3	294	16	sqrt	2	entropy	0.7953216374269005
3	295	5	sqrt	3	gini	0.8128654970760234
3	296	29	sqrt	4	entropy	0.8128654970760234
3	297	22	log2	4	gini	0.8070175438596491
3	298	13	sqrt	3	entropy	0.7953216374269005
3	299	29	sqrt	2	entropy	0.8070175438596491
3	300	23	sqrt	4	gini	0.7953216374269005
3	301	17	log2	4	entropy	0.8011695906432749
3	302	25	sqrt	4	entropy	0.783625730994152
3	303	7	log2	2	entropy	0.8128654970760234
3	304	9	log2	2	entropy	0.8128654970760234
3	305	21	sqrt	3	entropy	0.7953216374269005
3	306	13	log2	2	entropy	0.8187134502923976
3	307	5	log2	2	entropy	0.8070175438596491
3	308	16	sqrt	2	gini	0.8011695906432749
3	309	23	log2	4	entropy	0.8128654970760234
3	310	16	log2	2	entropy	0.7953216374269005
3	311	23	log2	3	entropy	0.7894736842105263
3	312	11	log2	2	entropy	0.8245614035087719
3	313	8	log2	4	gini	0.8011695906432749
3	314	8	sqrt	3	entropy	0.8011695906432749
3	315	14	log2	4	gini	0.7953216374269005
3	316	22	log2	3	gini	0.8187134502923976
3	317	8	log2	3	gini	0.8011695906432749
3	318	6	sqrt	2	entropy	0.8011695906432749
3	319	7	log2	4	gini	0.8070175438596491
4	0	29	sqrt	3	gini	0.7894736842105263
4	1	11	sqrt	3	entropy	0.7777777777777778
4	2	20	log2	4	gini	0.7777777777777778
4	3	10	sqrt	2	gini	0.7777777777777778
4	4	6	sqrt	4	entropy	0.7660818713450293
4	5	22	sqrt	4	gini	0.7719298245614035
4	6	29	sqrt	2	gini	0.7719298245614035
4	7	12	log2	4	gini	0.7777777777777778
4	8	29	sqrt	3	gini	0.7660818713450293
4	9	18	log2	2	gini	0.783625730994152
4	10	21	sqrt	3	gini	0.7660818713450293
4	11	20	log2	4	gini	0.7894736842105263
4	12	27	log2	4	entropy	0.783625730994152
4	13	30	sqrt	3	gini	0.7543859649122807
4	14	11	log2	4	gini	0.7543859649122807
4	15	6	sqrt	3	gini	0.7719298245614035
4	16	19	log2	4	gini	0.783625730994152
4	17	28	log2	4	gini	0.7660818713450293
4	18	20	log2	3	entropy	0.783625730994152
4	19	30	log2	3	gini	0.7719298245614035
4	20	22	log2	3	entropy	0.7719298245614035
4	21	19	log2	2	gini	0.7894736842105263
4	22	21	log2	4	gini	0.783625730994152
4	23	28	log2	3	gini	0.7719298245614035
4	24	5	sqrt	4	gini	0.7777777777777778
4	25	6	log2	4	gini	0.7719298245614035
4	26	21	log2	2	gini	0.7660818713450293
4	27	16	sqrt	3	gini	0.7953216374269005
4	28	12	log2	4	entropy	0.7660818713450293
4	29	16	sqrt	4	gini	0.7660818713450293
4	30	22	log2	4	entropy	0.7894736842105263
4	31	29	sqrt	3	entropy	0.7719298245614035
4	32	14	sqrt	3	gini	0.783625730994152
4	33	7	sqrt	3	gini	0.7719298245614035
4	34	20	log2	3	gini	0.7543859649122807
4	35	24	log2	4	gini	0.7719298245614035
4	36	30	log2	3	entropy	0.7777777777777778
4	37	7	log2	2	gini	0.7602339181286549
4	38	23	log2	3	gini	0.7894736842105263
4	39	8	sqrt	4	entropy	0.7894736842105263
4	40	27	sqrt	3	gini	0.7719298245614035
4	41	27	sqrt	3	gini	0.7719298245614035
4	42	25	log2	3	gini	0.7660818713450293
4	43	11	log2	3	entropy	0.7894736842105263
4	44	9	sqrt	3	gini	0.7660818713450293
4	45	8	log2	3	entropy	0.783625730994152
4	46	25	log2	2	entropy	0.7719298245614035
4	47	13	log2	3	entropy	0.7777777777777778
4	48	12	log2	3	gini	0.783625730994152
4	49	21	log2	4	gini	0.7777777777777778
4	50	18	log2	3	entropy	0.783625730994152
4	51	12	sqrt	3	entropy	0.7953216374269005
4	52	22	log2	2	gini	0.7777777777777778
4	53	6	log2	3	gini	0.783625730994152
4	54	14	log2	3	gini	0.7660818713450293
4	55	30	sqrt	3	entropy	0.7602339181286549
4	56	11	log2	4	entropy	0.7719298245614035
4	57	20	log2	4	entropy	0.783625730994152
4	58	27	log2	3	gini	0.7777777777777778
4	59	29	sqrt	3	gini	0.7660818713450293
4	60	20	sqrt	4	gini	0.7719298245614035
4	61	12	log2	3	entropy	0.7777777777777778
4	62	22	sqrt	3	gini	0.7953216374269005
4	63	21	sqrt	2	entropy	0.7777777777777778
4	64	12	log2	3	entropy	0.783625730994152
4	65	8	sqrt	3	entropy	0.7719298245614035
4	66	23	sqrt	2	gini	0.783625730994152
4	67	6	sqrt	3	gini	0.7894736842105263
4	68	23	log2	4	gini	0.783625730994152
4	69	29	sqrt	4	gini	0.7719298245614035
4	70	13	log2	3	gini	0.7719298245614035
4	71	23	sqrt	4	entropy	0.7719298245614035
4	72	29	log2	4	gini	0.7894736842105263
4	73	30	sqrt	4	entropy	0.783625730994152
4	74	7	log2	2	entropy	0.7719298245614035
4	75	20	log2	4	entropy	0.783625730994152
4	76	17	sqrt	4	gini	0.7660818713450293
4	77	8	sqrt	3	entropy	0.7660818713450293
4	78	29	sqrt	4	entropy	0.7777777777777778
4	79	9	log2	4	entropy	0.8011695906432749
4	80	5	sqrt	4	gini	0.783625730994152
4	81	26	sqrt	4	entropy	0.783625730994152
4	82	14	sqrt	4	gini	0.7660818713450293
4	83	21	sqrt	4	gini	0.7602339181286549
4	84	11	log2	2	gini	0.783625730994152
4	85	9	log2	2	gini	0.7894736842105263
4	86	11	sqrt	3	entropy	0.7894736842105263
4	87	26	log2	3	entropy	0.783625730994152
4	88	27	sqrt	3	entropy	0.7602339181286549
4	89	26	log2	4	entropy	0.7953216374269005
4	90	12	sqrt	4	entropy	0.7660818713450293
4	91	20	sqrt	4	gini	0.7719298245614035
4	92	8	sqrt	4	entropy	0.7894736842105263
4	93	19	sqrt	2	gini	0.7953216374269005
4	94	8	sqrt	3	entropy	0.7953216374269005
4	95	14	log2	2	gini	0.7719298245614035
4	96	18	log2	2	gini	0.7777777777777778
4	97	7	sqrt	3	entropy	0.7777777777777778
4	98	18	log2	4	gini	0.783625730994152
4	99	19	sqrt	4	entropy	0.7719298245614035
4	100	17	sqrt	2	gini	0.7719298245614035
4	101	21	log2	3	entropy	0.783625730994152
4	102	11	sqrt	2	gini	0.7777777777777778
4	103	8	sqrt	3	entropy	0.7894736842105263
4	104	7	sqrt	4	entropy	0.7777777777777778
4	105	18	log2	3	gini	0.7660818713450293
4	106	9	log2	3	entropy	0.7719298245614035
4	107	11	log2	4	entropy	0.7953216374269005
4	108	13	log2	3	gini	0.7719298245614035
4	109	6	log2	3	entropy	0.783625730994152
4	110	13	log2	4	gini	0.7953216374269005
4	111	20	log2	4	gini	0.783625730994152
4	112	25	log2	4	gini	0.7602339181286549
4	113	23	sqrt	3	entropy	0.7719298245614035
4	114	21	sqrt	4	gini	0.783625730994152
4	115	11	sqrt	4	entropy	0.783625730994152
4	116	16	log2	4	entropy	0.7894736842105263
4	117	18	sqrt	4	gini	0.7719298245614035
4	118	24	log2	4	gini	0.7894736842105263
4	119	22	log2	3	gini	0.783625730994152
4	120	7	sqrt	4	entropy	0.783625730994152
4	121	6	log2	4	gini	0.783625730994152
4	122	23	sqrt	4	entropy	0.783625730994152
4	123	6	log2	3	entropy	0.7660818713450293
4	124	28	sqrt	4	gini	0.7777777777777778
4	125	23	sqrt	3	entropy	0.7660818713450293
4	126	30	log2	3	entropy	0.7777777777777778
4	127	21	sqrt	3	entropy	0.7777777777777778
4	128	28	sqrt	4	gini	0.7777777777777778
4	129	17	log2	4	gini	0.7719298245614035
4	130	6	sqrt	2	gini	0.7777777777777778
4	131	23	sqrt	4	gini	0.7777777777777778
4	132	21	sqrt	4	gini	0.7719298245614035
4	133	14	log2	3	entropy	0.7894736842105263
4	134	27	sqrt	4	entropy	0.7894736842105263
4	135	13	sqrt	3	gini	0.7953216374269005
4	136	12	sqrt	2	gini	0.783625730994152
4	137	18	sqrt	3	gini	0.7894736842105263
4	138	13	sqrt	3	entropy	0.7660818713450293
4	139	21	log2	3	gini	0.7660818713450293
4	140	20	log2	4	entropy	0.7719298245614035
4	141	14	log2	2	gini	0.783625730994152
4	142	11	log2	3	gini	0.7777777777777778
4	143	19	log2	4	entropy	0.783625730994152
4	144	8	sqrt	3	gini	0.7777777777777778
4	145	7	sqrt	4	entropy	0.783625730994152
4	146	25	log2	3	gini	0.7719298245614035
4	147	18	sqrt	3	gini	0.7719298245614035
4	148	17	sqrt	2	gini	0.783625730994152
4	149	25	sqrt	2	gini	0.7660818713450293
4	150	7	sqrt	2	gini	0.7953216374269005
4	151	7	sqrt	4	entropy	0.7719298245614035
4	152	7	log2	4	entropy	0.7777777777777778
4	153	5	log2	2	entropy	0.7777777777777778
4	154	20	log2	3	gini	0.7894736842105263
4	155	19	log2	4	gini	0.7719298245614035
4	156	15	log2	3	entropy	0.7777777777777778
4	157	14	log2	4	entropy	0.7719298245614035
4	158	20	sqrt	4	gini	0.783625730994152
4	159	10	sqrt	2	entropy	0.783625730994152
4	160	9	sqrt	2	gini	0.7777777777777778
4	161	23	sqrt	3	gini	0.7894736842105263
4	162	21	sqrt	4	gini	0.7719298245614035
4	163	10	sqrt	2	gini	0.7602339181286549
4	164	16	log2	3	gini	0.7894736842105263
4	165	17	log2	4	gini	0.783625730994152
4	166	9	sqrt	4	gini	0.7719298245614035
4	167	11	sqrt	3	entropy	0.7777777777777778
4	168	8	log2	4	gini	0.7777777777777778
4	169	17	log2	4	gini	0.783625730994152
4	170	22	sqrt	4	gini	0.7660818713450293
4	171	11	sqrt	3	gini	0.783625730994152
4	172	29	sqrt	2	entropy	0.7719298245614035
4	173	25	sqrt	3	entropy	0.7719298245614035
4	174	9	sqrt	2	entropy	0.7719298245614035
4	175	9	log2	3	entropy	0.7894736842105263
4	176	12	log2	3	gini	0.7660818713450293
4	177	15	sqrt	4	gini	0.783625730994152
4	178	10	sqrt	2	entropy	0.7777777777777778
4	179	7	sqrt	4	entropy	0.7953216374269005
4	180	18	sqrt	4	gini	0.7719298245614035
4	181	30	log2	3	gini	0.7777777777777778
4	182	18	log2	3	gini	0.7719298245614035
4	183	6	log2	4	gini	0.7719298245614035
4	184	21	log2	2	entropy	0.783625730994152
4	185	16	sqrt	4	gini	0.7719298245614035
4	186	15	sqrt	4	entropy	0.7660818713450293
4	187	11	log2	3	gini	0.7719298245614035
4	188	5	sqrt	4	entropy	0.7894736842105263
4	189	9	log2	3	gini	0.8011695906432749
4	190	19	sqrt	3	gini	0.7660818713450293
4	191	16	sqrt	3	gini	0.783625730994152
4	192	7	log2	2	entropy	0.7719298245614035
4	193	18	log2	3	entropy	0.783625730994152
4	194	23	log2	3	gini	0.783625730994152
4	195	18	log2	3	gini	0.7660818713450293
4	196	5	log2	2	entropy	0.7719298245614035
4	197	11	sqrt	3	gini	0.7719298245614035
4	198	6	log2	2	entropy	0.7777777777777778
4	199	8	sqrt	3	gini	0.7777777777777778
4	200	16	sqrt	4	entropy	0.7777777777777778
4	201	6	sqrt	3	gini	0.7719298245614035
4	202	19	sqrt	4	entropy	0.7660818713450293
4	203	9	log2	3	entropy	0.7777777777777778
4	204	14	sqrt	2	gini	0.7953216374269005
4	205	5	sqrt	2	gini	0.7777777777777778
4	206	29	sqrt	3	gini	0.7777777777777778
4	207	26	log2	4	entropy	0.7660818713450293
4	208	14	sqrt	2	entropy	0.7660818713450293
4	209	16	log2	4	gini	0.7777777777777778
4	210	19	sqrt	4	gini	0.7894736842105263
4	211	6	sqrt	2	gini	0.7894736842105263
4	212	23	sqrt	2	gini	0.7660818713450293
4	213	14	log2	3	gini	0.7602339181286549
4	214	10	log2	3	gini	0.7894736842105263
4	215	18	sqrt	3	gini	0.7719298245614035
4	216	24	log2	4	entropy	0.783625730994152
4	217	13	log2	2	entropy	0.7719298245614035
4	218	24	sqrt	4	gini	0.783625730994152
4	219	12	sqrt	4	entropy	0.7777777777777778
4	220	14	sqrt	2	gini	0.7719298245614035
4	221	26	log2	4	gini	0.7777777777777778
4	222	10	log2	3	entropy	0.7660818713450293
4	223	11	sqrt	3	entropy	0.7777777777777778
4	224	10	log2	2	gini	0.7719298245614035
4	225	9	sqrt	3	gini	0.7777777777777778
4	226	24	log2	4	entropy	0.7660818713450293
4	227	5	sqrt	4	gini	0.7953216374269005
4	228	17	log2	3	entropy	0.7719298245614035
4	229	15	sqrt	3	gini	0.7894736842105263
4	230	16	sqrt	3	gini	0.7894736842105263
4	231	8	log2	3	gini	0.7777777777777778
4	232	23	log2	3	gini	0.7777777777777778
4	233	9	log2	2	gini	0.7660818713450293
4	234	7	log2	4	gini	0.7660818713450293
4	235	24	sqrt	2	gini	0.7777777777777778
4	236	30	sqrt	4	gini	0.783625730994152
4	237	16	sqrt	4	gini	0.783625730994152
4	238	9	log2	3	gini	0.7953216374269005
4	239	11	sqrt	2	entropy	0.783625730994152
4	240	25	log2	2	entropy	0.7719298245614035
4	241	23	log2	2	entropy	0.783625730994152
4	242	17	sqrt	3	entropy	0.7602339181286549
4	243	13	log2	4	entropy	0.7719298245614035
4	244	8	sqrt	3	entropy	0.8011695906432749
4	245	7	sqrt	2	gini	0.7894736842105263
4	246	30	log2	4	gini	0.7953216374269005
4	247	9	sqrt	4	entropy	0.8011695906432749
4	248	5	log2	3	entropy	0.8011695906432749
4	249	29	sqrt	4	entropy	0.7777777777777778
4	250	30	log2	2	entropy	0.7543859649122807
4	251	7	log2	2	gini	0.783625730994152
4	252	18	sqrt	3	gini	0.7894736842105263
4	253	18	log2	4	entropy	0.8011695906432749
4	254	22	sqrt	4	gini	0.7719298245614035
4	255	25	log2	4	entropy	0.7719298245614035
4	256	17	sqrt	3	entropy	0.7777777777777778
4	257	16	sqrt	3	gini	0.7719298245614035
4	258	30	sqrt	4	gini	0.7777777777777778
4	259	27	sqrt	2	gini	0.7660818713450293
4	260	25	sqrt	3	gini	0.7894736842105263
4	261	22	sqrt	3	gini	0.7719298245614035
4	262	23	log2	4	entropy	0.7894736842105263
4	263	14	log2	4	gini	0.783625730994152
4	264	23	log2	4	gini	0.7719298245614035
4	265	23	sqrt	3	entropy	0.7894736842105263
4	266	20	log2	4	gini	0.7719298245614035
4	267	14	log2	2	gini	0.7660818713450293
4	268	8	log2	4	gini	0.7719298245614035
4	269	7	log2	4	entropy	0.7719298245614035
4	270	23	sqrt	3	gini	0.783625730994152
4	271	11	sqrt	4	gini	0.783625730994152
4	272	8	sqrt	3	gini	0.7777777777777778
4	273	17	sqrt	3	entropy	0.7894736842105263
4	274	28	log2	4	gini	0.7719298245614035
4	275	19	sqrt	2	gini	0.7660818713450293
4	276	16	sqrt	4	entropy	0.783625730994152
4	277	9	sqrt	3	entropy	0.7719298245614035
4	278	7	sqrt	3	gini	0.8011695906432749
4	279	16	log2	4	gini	0.7953216374269005
4	280	22	log2	3	gini	0.7719298245614035
4	281	29	log2	3	gini	0.783625730994152
4	282	15	log2	4	entropy	0.7894736842105263
4	283	5	log2	4	entropy	0.7894736842105263
4	284	10	log2	2	gini	0.7719298245614035
4	285	30	sqrt	4	gini	0.7719298245614035
4	286	6	log2	2	gini	0.7894736842105263
4	287	6	sqrt	3	gini	0.7894736842105263
4	288	21	log2	4	entropy	0.783625730994152
4	289	7	sqrt	4	gini	0.7777777777777778
4	290	23	sqrt	4	entropy	0.783625730994152
4	291	29	log2	4	entropy	0.7660818713450293
4	292	13	sqrt	3	gini	0.7894736842105263
4	293	17	log2	4	gini	0.7719298245614035
4	294	13	log2	3	entropy	0.7777777777777778
4	295	22	log2	3	entropy	0.7719298245614035
4	296	21	log2	4	entropy	0.7777777777777778
4	297	8	sqrt	4	entropy	0.7894736842105263
4	298	22	sqrt	3	entropy	0.7777777777777778
4	299	22	sqrt	3	entropy	0.783625730994152
4	300	17	log2	4	gini	0.783625730994152
4	301	21	log2	4	entropy	0.7777777777777778
4	302	21	sqrt	3	entropy	0.7777777777777778
4	303	10	sqrt	4	entropy	0.783625730994152
4	304	6	sqrt	3	gini	0.7602339181286549
4	305	21	sqrt	4	gini	0.7660818713450293
4	306	9	log2	3	gini	0.7894736842105263
4	307	22	log2	4	gini	0.7719298245614035
4	308	9	sqrt	3	entropy	0.7894736842105263
4	309	20	sqrt	3	entropy	0.7894736842105263
4	310	16	sqrt	4	gini	0.7777777777777778
4	311	18	log2	4	entropy	0.783625730994152
4	312	9	sqrt	2	gini	0.7719298245614035
4	313	8	sqrt	3	gini	0.7894736842105263
4	314	20	sqrt	4	entropy	0.7660818713450293
4	315	21	log2	3	gini	0.7719298245614035
4	316	19	log2	3	gini	0.783625730994152
4	317	28	sqrt	3	entropy	0.783625730994152
4	318	10	log2	3	entropy	0.7894736842105263
4	319	6	log2	2	gini	0.7777777777777778
